$SPEC_ID:
28 3 24 bubble test gen 96 to BCT 5251MBQ ME
$SPEC_REM:
DET# 1
DETDESC# PHY-CSXP153 Easy-MCA-8k SN 12241568
AP# Maestro Version 7.01
$DATE_MEA:
03/28/2024 18:42:32
$MEAS_TIM:
703 704
$DATA:
0 8191
0
0
0
0
0
0
0
0
0
0
0
0
0
0
0
0
0
0
0
0
0
0
0
0
0
0
0
0
0
0
0
0
0
0
0
0
0
0
0
0
0
0
0
0
0
0
0
0
0
0
0
0
0
0
0
0
0
0
0
0
0
0
1
0
5
49
154
152
132
141
144
155
133
141
137
142
129
121
131
114
107
119
138
132
119
136
132
122
120
126
118
127
116
113
120
119
139
99
113
137
120
117
126
116
116
109
112
112
127
109
136
109
138
117
105
131
120
110
123
128
112
113
107
112
115
118
114
122
119
127
138
105
128
107
126
121
111
126
119
147
124
124
117
135
125
122
133
138
123
138
131
153
145
141
158
164
161
173
208
183
188
226
241
235
225
194
205
208
195
172
199
222
277
260
201
220
331
345
339
235
224
145
184
189
169
170
149
145
132
141
174
187
177
133
150
146
134
157
166
223
212
236
227
200
165
149
181
190
155
153
153
137
151
129
138
148
150
129
127
129
149
147
132
125
133
133
136
141
142
147
146
154
167
131
158
120
162
133
130
119
154
131
141
112
139
140
167
141
131
143
147
152
147
145
132
132
125
117
135
143
151
150
139
139
148
138
154
146
113
129
112
132
156
158
135
154
143
122
140
156
134
149
130
143
146
136
142
152
158
215
277
282
234
199
181
135
134
137
158
123
124
129
122
127
122
125
140
131
140
127
131
139
138
140
143
129
120
125
121
130
123
101
132
128
154
139
145
134
128
126
141
123
119
139
125
111
135
129
110
138
163
130
107
135
120
142
126
124
108
118
133
139
121
147
135
110
127
132
132
137
112
124
133
106
116
122
114
105
133
124
111
112
104
137
149
122
148
117
107
134
131
127
117
114
141
133
127
129
113
131
130
136
127
127
118
105
140
123
110
121
112
126
104
129
91
137
122
131
108
119
119
127
115
126
118
117
123
82
118
112
117
89
87
140
114
131
120
130
108
106
108
103
118
101
110
114
120
112
115
105
98
109
105
117
107
110
106
114
113
119
134
116
106
110
115
118
121
90
107
100
102
117
113
116
107
121
121
113
100
112
123
107
120
108
119
116
116
127
122
109
115
112
126
99
105
121
132
122
103
118
116
131
109
101
114
128
124
102
100
86
111
104
97
115
108
105
113
115
91
94
125
98
109
108
107
117
114
115
108
103
108
113
103
111
115
113
93
128
106
106
115
111
107
104
105
117
100
111
103
93
114
112
118
101
115
118
118
108
114
97
98
97
96
122
106
96
99
114
116
111
106
89
105
95
124
104
88
116
106
122
111
132
109
131
97
97
106
105
106
109
104
100
97
88
110
89
77
95
99
105
80
98
119
103
103
96
93
95
74
89
97
104
108
79
81
98
90
88
91
90
86
93
79
91
88
82
88
74
76
76
71
80
83
85
77
63
92
101
81
61
79
69
63
85
70
80
64
63
79
81
73
91
85
75
71
66
68
82
75
85
77
60
77
75
67
62
52
69
72
63
63
65
68
71
58
60
67
61
46
60
69
55
62
58
70
57
64
71
70
61
69
61
73
71
66
83
63
61
53
74
57
72
66
54
63
70
52
58
61
64
74
62
66
62
63
79
75
64
71
70
65
54
52
70
63
57
62
43
63
65
62
55
69
70
51
52
58
65
54
55
58
56
65
70
55
42
56
69
49
49
55
54
59
50
54
55
61
48
47
58
50
45
47
60
53
58
40
41
48
44
55
64
53
43
73
50
67
42
50
48
51
54
48
50
45
50
60
60
36
54
44
63
48
41
53
53
47
63
68
47
53
43
46
41
46
43
54
59
42
65
60
53
39
53
38
60
38
53
35
42
48
51
36
43
45
55
46
42
45
53
52
61
44
54
44
52
48
47
46
40
45
36
43
58
45
38
47
56
54
48
59
43
62
46
59
53
51
45
50
44
60
55
70
71
64
67
49
49
46
37
44
41
49
42
39
47
54
45
37
48
40
45
46
46
52
46
52
59
38
48
50
45
38
40
43
49
27
56
53
50
38
43
50
50
48
30
34
46
49
40
35
61
40
35
40
44
55
38
45
37
51
51
56
36
41
51
48
41
38
47
34
44
46
46
25
45
44
41
48
38
30
39
48
39
52
43
43
40
39
45
54
39
56
55
43
37
47
43
41
43
42
48
36
43
53
42
51
40
39
51
40
39
34
35
35
47
42
44
33
51
58
44
54
33
48
55
41
53
46
53
51
53
75
144
368
927
1753
2447
2633
2036
1020
468
185
61
52
42
53
42
34
47
52
38
34
35
40
30
40
34
35
35
36
34
42
38
29
42
42
34
43
46
35
39
48
43
20
32
42
35
26
35
32
42
31
41
27
50
28
45
32
32
19
36
39
36
29
37
35
32
36
44
28
39
42
39
42
34
41
39
28
24
40
38
29
26
37
31
30
38
39
35
35
47
33
26
37
30
24
31
31
44
37
37
34
38
37
32
31
32
33
31
18
36
35
30
34
36
46
34
38
41
43
29
46
22
30
30
28
31
31
23
46
39
45
36
40
36
37
34
34
38
33
21
40
43
47
34
32
26
32
31
31
37
30
51
40
34
38
34
38
24
30
43
24
43
32
32
45
42
30
39
53
38
36
42
29
30
35
38
43
48
29
33
28
30
31
34
27
36
28
32
48
45
46
46
37
36
43
35
49
38
33
25
39
44
36
41
36
30
31
41
29
44
30
35
31
37
34
35
40
34
35
26
44
37
24
42
41
40
30
37
46
35
34
40
36
37
37
45
29
39
40
34
55
55
61
66
79
55
66
50
71
52
43
49
35
38
39
26
45
30
43
31
37
31
34
46
38
39
34
35
32
34
32
32
34
38
40
31
37
36
38
40
37
37
36
26
36
46
44
32
46
36
46
32
42
37
30
47
42
26
44
20
32
38
30
36
32
37
31
30
39
36
26
36
40
45
43
33
36
40
44
45
48
32
34
41
41
27
41
36
34
45
51
38
43
35
42
37
33
37
32
31
41
46
42
38
38
37
37
40
41
35
29
35
36
36
34
40
57
26
37
28
45
48
30
27
42
26
34
41
36
48
56
27
39
42
36
43
29
43
38
46
44
44
48
41
44
39
43
37
35
36
49
38
36
49
46
45
36
41
37
41
54
47
41
36
37
50
49
45
39
43
41
26
36
37
37
49
53
58
60
38
44
45
43
46
43
49
41
40
39
49
51
39
46
39
46
48
48
44
52
40
42
49
47
38
47
56
50
39
33
42
42
53
32
50
44
34
44
49
27
52
34
40
41
34
36
56
52
48
43
49
43
49
43
47
37
48
41
42
54
63
55
51
67
50
48
50
48
42
49
50
38
52
48
55
54
49
37
44
46
41
48
40
47
50
44
53
52
60
50
45
61
50
49
47
36
46
46
54
50
63
59
56
37
55
44
48
48
54
56
55
49
51
53
51
55
47
66
56
51
56
46
62
58
49
58
38
57
50
58
58
51
55
52
34
44
62
57
75
58
61
46
59
57
56
49
58
53
45
52
46
43
64
48
59
43
41
54
57
40
57
44
35
23
35
38
44
34
33
40
45
34
41
34
24
27
33
37
33
34
32
32
40
44
38
31
37
47
41
35
24
32
29
34
26
31
41
36
35
30
36
25
36
28
25
21
35
35
32
40
33
25
30
16
31
30
31
36
31
40
33
37
31
29
35
27
36
27
18
28
26
25
32
19
25
23
29
35
21
24
24
20
24
29
22
23
18
23
21
20
23
18
18
25
30
28
25
31
24
28
24
25
38
29
28
16
21
17
27
26
28
23
15
24
17
29
26
26
23
26
28
20
16
22
17
23
21
19
21
18
19
20
19
15
26
21
22
21
19
35
23
16
22
15
14
23
20
26
19
18
22
24
20
16
16
23
11
19
17
12
20
22
19
22
15
19
23
14
19
23
20
19
20
26
16
15
14
22
16
10
16
22
18
20
25
14
10
26
17
15
21
15
17
13
17
17
19
14
17
23
13
11
8
19
13
11
15
8
9
23
16
12
15
16
13
16
17
8
8
25
18
10
13
14
14
20
9
13
9
14
14
12
16
13
11
7
17
8
13
16
10
8
14
12
12
9
13
8
16
11
13
5
15
15
8
7
10
6
20
13
11
12
11
15
9
10
5
7
14
9
12
4
7
8
10
11
11
7
8
10
11
11
10
15
13
16
13
15
11
7
20
10
13
11
15
12
10
7
14
12
6
7
11
12
10
11
7
8
10
13
12
11
7
10
11
8
17
8
10
16
15
7
10
10
15
11
10
9
15
16
13
13
17
16
15
15
18
6
17
11
11
13
11
8
11
13
12
6
10
8
11
14
5
7
7
8
12
5
12
10
13
11
13
6
9
6
13
12
8
10
11
10
12
11
10
11
12
12
4
12
12
10
6
7
14
10
12
14
14
7
9
8
15
8
11
11
8
8
8
9
10
6
11
13
10
12
14
14
8
7
4
7
21
11
17
8
15
11
9
9
4
9
8
9
15
11
8
15
9
9
11
17
10
16
14
15
5
12
6
8
11
15
11
9
19
14
13
16
17
14
11
18
17
20
21
12
19
14
12
18
15
17
13
11
23
35
75
192
492
923
1518
1960
2225
2089
1531
909
432
185
79
28
18
12
9
2
9
4
13
9
10
10
6
3
8
12
7
6
5
2
12
9
3
8
14
5
13
9
13
10
5
5
5
6
7
15
6
8
6
9
4
6
6
6
3
6
6
6
5
9
13
9
5
2
7
4
5
7
4
6
6
8
13
5
10
5
4
3
6
5
5
3
5
7
11
4
8
7
6
7
10
4
7
6
5
4
6
3
2
2
4
6
9
3
13
7
7
8
7
8
9
7
11
14
2
8
5
6
7
3
8
7
9
9
7
4
5
6
6
9
9
4
9
8
7
4
4
5
7
5
4
2
3
6
4
12
4
8
5
5
3
6
5
9
7
9
14
11
6
12
14
16
8
4
8
7
4
5
8
11
7
8
12
9
6
2
3
8
9
6
5
8
12
4
7
7
5
6
3
9
11
2
7
4
4
4
5
3
5
8
2
7
7
1
5
7
5
5
6
9
14
5
8
5
10
9
9
5
7
8
6
6
4
5
4
12
6
10
5
14
9
11
4
9
7
7
8
6
4
10
6
8
6
8
11
10
2
4
4
3
6
0
7
5
9
5
6
1
7
9
6
6
4
8
6
6
5
2
6
10
5
3
10
6
1
4
5
9
2
7
8
4
8
4
7
8
8
3
3
8
10
3
4
9
6
4
11
19
5
12
4
3
4
6
3
5
5
3
3
4
5
0
7
9
7
9
7
4
4
9
3
7
5
6
1
8
7
6
7
5
4
9
0
4
8
2
9
4
5
7
4
4
6
4
6
4
10
6
1
6
2
8
4
4
4
7
2
7
3
6
11
7
4
2
6
8
5
5
4
4
3
6
8
6
9
9
8
7
6
4
4
5
3
6
6
5
6
5
6
5
3
3
9
5
5
6
7
11
6
5
12
9
7
2
5
8
5
5
3
7
4
5
4
11
10
7
5
7
6
9
4
7
1
5
5
6
6
5
9
6
3
6
8
8
4
6
7
9
3
6
2
6
4
12
3
5
5
6
4
4
6
8
3
3
5
8
8
7
10
9
9
7
5
4
12
8
6
5
9
3
2
4
10
5
3
4
10
7
6
7
4
6
5
5
1
5
7
7
4
6
4
6
11
6
6
7
5
5
4
8
2
5
4
4
3
4
2
5
5
5
6
2
7
8
7
6
5
6
2
5
9
3
2
8
6
4
9
4
5
4
11
8
4
3
5
4
6
6
7
6
4
4
11
7
4
2
8
6
8
5
7
7
6
6
5
4
10
5
4
11
6
9
8
5
6
7
0
2
3
5
8
8
9
8
4
7
10
5
6
9
3
3
5
7
17
4
4
2
5
7
7
10
12
10
2
7
6
4
1
3
4
7
10
2
2
6
6
4
3
2
6
5
5
13
5
2
8
6
6
5
5
9
7
5
4
7
5
6
7
2
3
6
6
4
5
9
6
5
3
6
6
8
5
5
9
7
10
8
17
21
12
20
13
10
5
6
3
4
6
7
8
13
7
8
9
11
5
3
8
5
7
1
6
6
5
3
7
11
5
5
3
3
4
8
6
9
7
8
5
5
5
10
5
7
6
6
7
9
5
4
4
7
4
4
4
7
3
8
8
10
4
4
2
9
6
3
2
7
3
3
8
5
6
7
6
6
9
3
2
5
3
8
5
7
8
9
6
7
5
5
14
10
7
5
12
8
8
5
3
8
6
4
6
7
4
6
5
6
7
7
10
3
5
8
6
6
5
6
5
2
6
2
9
5
6
12
5
1
5
4
1
2
6
5
6
5
6
2
12
12
8
5
4
6
7
4
5
8
4
6
6
6
3
3
14
4
9
7
7
5
7
2
6
4
4
6
8
5
6
5
5
7
2
4
4
5
6
7
3
13
3
5
4
7
7
7
4
3
4
8
12
10
6
7
5
4
7
9
8
7
6
7
7
5
10
6
6
7
6
3
9
5
4
4
6
7
8
4
6
7
7
4
5
4
7
3
4
6
1
3
9
2
8
9
4
10
7
9
3
2
3
7
1
4
9
5
11
7
8
4
5
5
3
6
4
7
6
7
7
2
5
2
5
7
5
7
6
3
8
4
7
8
5
7
3
5
6
6
5
8
5
6
8
12
8
13
8
4
6
6
10
4
10
12
8
6
12
9
6
4
6
2
5
3
5
2
5
4
5
6
5
6
7
5
2
3
8
8
5
3
5
3
3
4
3
7
8
7
11
5
8
2
4
6
2
7
2
6
5
2
4
7
3
9
7
4
4
4
5
4
6
5
3
1
5
6
4
3
4
5
6
4
3
6
6
7
6
5
3
2
5
5
5
4
5
5
8
8
2
5
6
4
3
9
11
9
6
5
8
12
5
7
4
8
8
7
2
4
4
8
12
8
5
8
5
5
5
4
2
7
6
7
4
7
3
4
4
3
6
6
4
5
4
6
5
3
4
5
4
9
7
6
2
7
6
6
7
6
8
2
11
12
16
11
8
12
8
4
9
6
6
4
8
3
5
7
13
2
4
5
2
3
4
8
3
7
6
4
3
5
2
5
4
7
4
5
7
7
5
7
4
9
6
5
4
4
3
6
5
4
7
3
5
4
8
6
9
10
7
2
4
5
2
4
5
3
8
3
1
12
7
6
10
3
5
4
9
3
4
5
6
10
8
8
5
6
6
5
8
5
2
5
5
6
8
6
1
4
5
7
0
8
6
3
5
5
5
5
6
6
7
4
2
5
5
9
0
6
8
3
5
5
8
3
3
7
12
6
5
6
3
5
7
4
5
4
13
3
9
6
6
9
5
5
7
6
6
7
6
7
7
1
6
7
2
6
1
5
6
10
3
6
7
9
3
9
4
7
4
5
5
3
7
8
8
3
9
5
5
8
4
6
5
3
7
1
8
7
5
5
9
3
7
4
5
5
7
4
7
9
5
7
4
4
4
2
7
4
6
3
6
5
7
5
6
13
4
5
4
7
6
5
7
2
6
9
8
4
5
5
4
8
3
4
6
5
7
4
7
5
3
7
4
5
0
4
7
5
10
4
12
3
7
8
6
6
7
5
6
5
5
6
4
8
1
7
2
4
5
3
4
3
4
9
2
8
7
6
2
4
2
5
6
5
7
5
4
5
9
12
7
8
7
5
3
9
8
5
4
7
2
3
3
6
4
4
6
8
4
6
9
9
5
8
6
5
5
5
4
7
4
4
4
3
7
7
5
6
3
6
5
2
6
9
4
5
5
3
5
5
2
2
7
4
3
7
4
6
6
6
5
6
5
8
7
2
8
7
7
9
4
7
3
6
2
5
3
5
6
4
4
12
5
6
11
2
1
7
3
7
6
10
4
9
20
16
24
36
33
59
52
46
34
24
18
11
11
8
4
9
8
1
9
6
6
6
4
4
7
6
9
2
3
5
5
6
11
4
8
5
6
6
2
8
5
9
6
10
9
6
3
5
6
10
1
7
8
3
6
8
5
6
6
6
8
4
1
7
12
6
6
8
9
7
9
4
5
9
7
6
7
4
6
5
2
3
2
5
2
8
4
3
7
2
5
8
5
8
10
11
16
10
8
8
9
8
5
9
7
5
5
7
3
6
8
3
11
5
6
7
7
3
7
13
11
3
5
9
9
8
9
9
9
3
4
3
6
7
6
5
8
6
3
3
5
6
8
10
8
6
12
7
10
3
7
4
4
6
6
7
8
12
5
5
8
8
7
3
4
3
7
5
6
6
7
10
8
8
9
12
4
3
6
6
5
7
5
12
9
10
9
9
8
8
8
6
4
5
5
3
8
9
10
8
8
7
8
8
4
9
5
10
6
7
7
4
12
6
9
8
10
4
9
8
10
11
12
7
11
4
6
5
13
7
6
12
7
9
9
7
11
8
6
8
5
7
6
8
3
7
9
11
10
7
10
11
8
5
10
9
11
5
5
4
9
4
8
14
10
8
5
8
8
5
5
5
6
9
9
15
15
8
10
8
17
5
9
10
4
7
8
10
8
6
4
6
8
8
9
9
11
9
6
9
13
9
7
6
9
5
8
10
8
14
6
7
12
6
6
2
6
9
8
9
5
6
6
11
7
4
8
5
6
10
5
5
7
6
6
6
10
4
5
11
12
7
6
10
7
9
10
11
9
8
4
7
7
4
7
5
5
1
10
5
7
5
8
4
6
5
4
4
2
3
4
2
8
5
9
11
5
9
8
4
4
7
7
7
3
9
6
5
9
2
5
5
1
2
6
5
5
3
4
3
4
4
2
10
4
6
7
2
3
4
6
6
8
6
4
6
6
2
7
5
7
3
6
7
3
8
1
5
8
5
3
4
3
6
3
4
8
3
5
2
4
4
4
5
2
6
3
4
3
2
10
6
2
0
4
6
5
7
6
7
1
7
3
4
6
5
2
4
5
6
6
4
6
7
8
8
7
8
3
1
2
2
4
7
4
3
5
1
8
1
3
6
1
2
3
6
5
2
6
4
7
3
3
2
3
5
6
1
1
4
3
4
2
6
5
4
4
5
5
7
6
6
4
2
3
5
5
3
3
1
3
5
3
4
2
3
2
3
4
3
5
3
4
3
4
5
7
4
0
4
5
2
3
2
6
3
4
1
4
3
7
2
3
4
4
4
4
3
4
2
3
2
1
2
3
6
3
0
2
1
3
2
5
1
2
4
2
5
7
2
5
1
5
2
2
3
2
3
8
2
5
3
4
2
4
3
2
2
0
3
5
5
3
2
10
5
3
1
3
3
2
0
3
3
3
8
3
2
3
4
4
1
4
3
3
2
6
3
4
5
1
4
1
3
2
2
2
4
4
4
3
3
3
4
4
8
5
2
2
2
5
0
1
1
1
3
4
4
8
3
3
3
7
2
4
1
1
3
3
2
6
3
3
1
5
1
3
2
6
2
3
1
5
3
2
1
1
2
1
4
4
7
4
8
0
4
8
3
2
2
8
1
2
6
2
2
3
2
6
4
3
3
4
1
7
3
5
3
5
3
4
6
6
5
5
2
11
5
9
5
3
5
1
5
2
1
1
0
4
6
4
4
3
3
6
7
3
5
3
3
2
2
2
3
5
2
2
5
5
3
2
4
2
4
8
2
2
3
6
4
1
2
2
0
4
4
3
3
4
4
6
4
4
3
4
3
2
2
3
1
6
5
4
2
5
8
4
2
7
4
4
8
3
5
3
6
4
5
4
3
3
3
1
3
3
6
3
4
3
7
3
1
7
4
4
0
9
6
16
23
44
63
88
131
153
190
193
204
176
146
109
81
36
22
13
9
5
5
6
2
1
6
1
4
9
2
3
3
4
7
5
5
4
4
5
6
3
3
3
2
6
4
3
2
6
4
8
3
2
1
3
5
2
3
2
3
8
1
3
1
2
3
7
4
1
4
3
2
2
5
5
6
3
2
3
2
3
3
4
2
6
1
3
2
4
2
3
4
6
4
6
5
0
5
6
2
5
1
2
2
4
4
2
3
3
1
3
1
4
1
7
5
2
4
3
4
3
4
4
2
5
6
6
0
6
2
3
1
0
4
3
9
3
5
5
3
5
3
2
5
4
3
0
2
1
1
2
3
1
5
4
4
6
4
4
4
2
2
2
2
4
1
3
8
2
1
3
3
0
5
5
3
4
3
4
0
3
4
2
2
3
4
1
9
5
5
1
4
1
4
6
3
2
3
3
2
1
1
1
1
5
4
1
1
2
3
2
5
3
1
3
1
6
6
5
2
3
3
1
3
7
3
3
2
3
1
6
3
5
1
1
3
1
3
4
5
2
4
1
1
0
0
2
5
0
1
3
3
3
5
0
4
3
1
6
1
2
2
4
2
4
0
1
3
4
3
2
1
1
1
1
5
1
3
4
3
1
3
4
3
0
5
1
1
1
2
1
2
1
2
3
1
1
2
1
4
3
4
1
4
0
3
6
1
0
1
1
1
4
3
4
4
1
0
1
2
1
2
2
2
0
1
0
5
4
0
1
4
2
0
2
1
1
1
0
2
5
0
4
3
3
2
0
2
2
4
5
1
2
2
2
1
0
0
2
2
2
1
1
1
2
2
4
1
2
0
3
1
2
4
4
1
0
1
0
2
4
5
0
1
1
3
3
0
3
3
3
1
4
1
4
0
1
1
2
2
4
4
1
3
0
0
1
1
1
0
1
1
1
3
0
0
0
0
2
0
0
2
1
2
2
6
2
1
0
2
2
2
3
3
0
1
2
2
3
2
1
4
0
2
0
4
0
0
2
3
0
1
2
1
0
1
1
1
3
2
1
1
3
1
1
2
1
0
0
3
1
0
2
1
0
2
2
1
2
2
3
2
0
0
1
2
2
0
0
4
2
0
1
1
3
1
2
1
0
2
0
1
4
1
1
2
0
1
3
3
4
3
2
1
3
1
0
3
0
2
2
3
1
3
1
1
2
1
0
2
1
0
1
0
1
1
1
2
1
2
2
1
3
0
2
1
1
1
1
1
5
4
0
2
1
3
2
1
1
0
1
2
0
1
4
2
1
0
2
2
0
1
0
1
1
3
3
0
2
2
1
0
1
1
1
2
1
1
2
0
0
0
0
2
5
1
3
1
3
4
2
0
2
1
0
0
1
2
4
0
2
1
2
0
1
0
0
0
4
2
0
4
4
2
1
0
1
1
2
0
0
0
3
0
0
1
0
1
2
1
2
2
2
6
0
1
2
1
0
0
2
1
1
6
3
2
5
5
0
0
3
2
2
4
0
0
1
1
2
1
1
0
0
1
0
1
1
2
2
2
0
1
0
0
0
1
2
1
2
0
2
0
1
0
1
0
2
2
1
0
5
1
1
0
2
0
0
3
2
0
2
5
3
0
2
4
1
2
2
3
1
0
2
1
1
6
2
5
8
12
25
19
38
49
57
72
70
89
88
78
65
41
28
16
7
5
4
3
3
0
0
2
0
0
1
3
1
3
0
1
0
0
1
0
1
1
3
1
0
2
2
0
0
1
2
0
1
0
1
0
1
1
1
3
0
2
3
1
0
0
2
4
0
1
1
3
3
3
1
1
0
2
0
0
0
0
0
0
4
0
2
2
3
1
1
3
2
1
2
2
0
0
3
3
0
3
0
2
0
1
0
1
2
2
1
2
1
1
2
2
0
0
0
2
1
0
2
1
1
3
0
1
0
1
1
0
1
0
2
3
0
1
2
1
1
1
2
3
1
2
3
0
0
2
0
0
0
4
1
3
0
0
1
1
1
1
2
0
0
2
1
2
0
0
0
1
2
0
0
1
0
1
0
0
1
3
0
1
1
2
2
2
1
0
0
0
0
0
3
1
2
2
2
1
1
1
1
0
2
1
0
1
0
0
0
0
0
0
2
0
1
0
0
0
0
1
0
0
0
4
2
1
2
2
1
6
1
2
2
1
3
2
0
1
0
1
1
3
0
4
0
2
1
1
1
1
0
1
1
1
0
2
0
1
0
2
1
2
1
3
2
0
0
0
1
0
0
0
3
0
2
2
1
0
1
0
2
0
0
1
1
0
2
0
2
0
0
0
1
0
0
2
0
2
0
1
1
0
0
0
0
0
0
0
1
0
3
0
0
2
1
0
2
1
1
2
2
1
1
1
2
0
2
0
1
2
1
0
1
0
0
0
1
0
3
0
1
2
1
2
1
1
1
0
2
0
3
0
1
0
0
0
0
0
0
2
1
1
0
1
0
1
0
0
1
0
2
0
2
0
3
0
1
2
0
0
1
1
0
1
2
1
2
2
0
1
2
0
3
0
1
0
2
0
1
1
2
0
1
3
2
1
1
1
0
0
0
0
1
1
0
0
0
1
1
1
1
0
0
1
1
0
2
0
2
0
1
2
4
0
2
0
3
0
2
1
0
0
0
1
2
1
2
0
1
0
2
0
1
3
2
1
0
0
0
1
1
0
0
3
1
0
1
0
0
0
2
1
0
0
2
1
2
2
0
0
0
0
0
1
1
1
2
0
0
1
0
1
1
3
2
1
0
0
1
0
1
1
0
0
1
1
1
0
0
2
1
1
1
1
3
1
0
1
0
3
0
2
2
0
2
0
0
0
1
3
2
3
1
0
1
0
0
1
1
0
1
1
1
0
0
1
0
0
2
1
1
0
2
2
1
3
0
1
0
0
3
0
0
1
1
0
1
1
0
2
0
2
0
1
1
0
0
0
1
0
3
2
1
2
1
1
0
2
2
0
0
2
0
2
1
2
4
2
0
1
0
2
1
0
0
0
0
1
1
0
2
0
1
1
0
0
0
1
1
0
2
2
2
1
0
1
1
0
0
2
0
1
1
1
1
1
0
0
1
1
2
0
2
2
1
2
2
1
1
1
0
2
0
0
1
1
0
0
0
1
3
3
0
0
1
2
1
0
2
1
0
0
2
1
0
1
1
1
0
2
2
0
0
2
0
0
2
1
0
1
1
2
0
0
1
0
3
0
0
1
1
0
2
1
3
0
0
2
2
1
1
0
0
0
0
0
0
2
2
2
0
0
0
0
0
1
1
0
1
0
0
1
2
2
3
0
1
0
0
1
3
0
1
2
0
2
0
2
1
1
4
3
0
2
2
0
0
1
0
0
1
1
2
1
1
0
0
0
1
0
2
1
0
1
0
1
2
0
1
0
0
0
1
0
0
2
0
0
0
3
1
0
1
0
0
0
0
2
0
1
0
1
1
0
0
1
0
1
0
1
0
1
1
2
1
0
1
3
1
1
1
1
2
2
1
0
1
3
0
1
2
0
0
1
0
0
1
1
1
1
1
1
1
0
2
1
0
0
1
0
1
0
0
1
0
1
0
0
0
1
1
0
0
1
1
0
1
0
0
0
0
1
0
0
0
0
0
0
0
0
0
0
2
1
0
1
2
1
1
0
1
0
0
2
0
0
2
1
2
0
0
1
1
0
0
0
0
3
0
0
1
0
0
0
0
1
0
2
0
1
0
2
1
1
0
2
0
0
1
2
2
0
3
0
1
0
1
1
0
0
2
0
0
1
1
0
2
0
0
0
2
0
0
0
0
1
0
1
0
1
0
0
0
0
0
1
0
0
0
0
0
0
0
1
0
0
1
2
0
0
0
0
2
0
1
0
0
1
3
3
4
1
2
3
2
6
6
5
2
4
7
1
3
1
1
1
0
1
0
0
0
2
0
0
1
0
0
0
0
0
0
0
0
0
2
1
0
0
1
0
0
1
0
0
0
0
0
0
0
1
0
0
1
1
0
1
1
0
2
0
0
0
0
0
1
0
2
0
1
1
0
0
0
0
0
0
0
0
0
1
0
0
0
0
0
0
0
0
0
0
0
1
0
0
0
0
0
0
0
0
2
0
0
0
0
0
0
0
0
0
0
1
1
0
0
0
2
0
0
0
0
0
0
0
0
0
1
0
0
0
0
0
2
0
0
0
0
0
0
1
0
1
0
0
1
0
0
1
0
0
0
0
0
1
1
1
0
0
0
1
0
0
1
1
1
0
1
1
0
0
2
0
0
0
1
0
0
1
1
0
0
0
0
1
1
0
1
0
0
0
0
0
0
0
1
0
0
0
1
0
2
0
0
1
0
0
0
0
1
0
0
0
0
0
0
3
0
2
1
3
2
3
3
7
5
7
5
4
2
4
1
1
2
0
0
0
1
0
0
0
0
0
0
1
0
0
0
0
1
0
0
0
0
0
0
1
0
0
0
0
0
2
1
1
0
0
0
0
0
0
1
1
1
1
1
0
0
0
1
1
0
0
0
0
0
0
0
0
0
0
1
0
1
0
1
0
1
0
0
0
2
0
0
0
0
0
0
0
1
0
0
0
0
1
1
0
2
0
0
1
0
4
5
3
6
7
6
10
7
14
9
10
3
6
3
4
2
0
0
1
0
0
0
0
0
0
1
0
0
0
0
0
0
0
0
0
0
0
0
0
0
0
0
0
0
0
0
0
0
0
0
0
0
0
0
0
0
0
0
0
0
0
0
0
0
0
1
1
0
0
0
1
0
0
0
1
0
0
1
0
0
0
0
0
0
0
0
1
0
0
2
0
1
1
0
0
1
1
0
1
0
0
0
0
0
0
0
0
1
0
0
0
1
0
0
0
2
0
0
1
1
0
0
0
0
1
1
0
1
0
0
0
0
1
1
0
0
0
1
1
0
0
0
0
0
0
0
0
1
0
0
0
0
1
1
0
1
0
0
0
0
0
1
0
1
0
1
0
0
0
1
0
0
0
0
0
0
1
0
1
0
1
0
1
0
0
0
0
0
0
1
1
0
0
0
0
0
0
0
0
0
1
0
0
0
0
0
0
0
1
0
0
1
0
0
0
0
0
0
0
1
0
1
0
0
0
0
0
0
0
0
0
1
0
0
1
0
0
0
1
0
1
0
1
0
0
0
0
0
0
1
0
0
1
0
0
0
0
0
1
0
0
0
0
0
0
0
0
0
0
0
0
0
1
1
0
1
0
0
0
0
1
0
2
0
0
0
0
1
0
0
0
0
0
0
0
0
0
0
0
0
0
0
0
1
0
0
0
1
0
0
0
0
0
0
0
0
0
0
0
0
0
1
0
1
0
0
0
0
0
0
0
0
1
0
1
0
0
0
0
0
0
1
0
0
0
0
0
0
0
0
0
1
0
0
0
0
1
0
0
0
0
0
0
0
0
1
0
1
0
0
0
0
1
0
0
0
0
1
0
0
0
0
0
2
0
0
0
1
0
0
0
1
0
0
0
0
0
0
0
0
0
0
0
0
0
0
0
1
1
0
0
0
1
0
0
0
0
0
0
0
0
0
0
0
0
0
0
0
0
0
0
0
0
0
0
0
1
0
0
0
0
0
0
0
0
1
0
0
0
0
0
0
1
0
0
0
0
0
0
0
0
0
0
0
0
0
0
0
0
0
0
0
0
0
0
0
0
0
0
0
0
0
0
0
1
0
1
1
0
0
0
1
1
0
1
0
0
0
0
0
0
1
0
0
0
0
0
0
0
0
1
0
0
0
0
0
0
0
0
0
0
0
0
0
0
0
0
1
0
0
0
0
0
0
0
0
0
0
0
0
0
0
0
0
0
0
0
0
0
0
0
0
1
0
0
0
1
0
0
0
0
0
0
0
0
0
0
0
0
1
0
0
0
0
1
0
0
0
0
1
0
0
0
0
0
0
0
1
0
1
0
1
0
0
0
0
1
0
0
0
0
0
0
0
0
0
0
0
0
0
0
0
0
0
1
0
0
0
0
0
0
0
0
0
0
0
0
1
0
0
1
0
0
0
0
1
0
0
0
0
0
0
0
1
0
0
0
0
0
0
1
0
0
0
0
0
0
0
0
0
0
0
0
0
0
0
0
0
0
0
0
0
0
0
0
1
0
0
0
0
0
0
0
0
0
0
0
0
0
0
0
0
0
0
0
0
0
0
0
0
0
0
0
0
0
0
0
0
0
0
0
0
0
1
0
0
0
0
0
0
0
0
0
0
0
1
0
0
0
3
1
0
1
5
5
5
3
2
2
1
2
0
0
0
0
0
0
0
0
0
0
0
0
0
0
0
0
0
1
0
0
0
0
0
0
0
0
0
0
0
0
0
0
0
0
0
0
0
0
0
0
0
0
0
0
1
0
0
0
0
0
0
0
0
0
0
0
0
0
0
0
0
0
0
0
0
0
0
1
0
0
0
0
1
0
0
0
0
0
0
0
0
0
0
0
0
0
0
0
0
0
0
0
0
0
0
0
0
0
0
0
0
0
0
0
0
0
0
0
0
0
0
0
0
0
0
0
0
0
0
0
0
0
0
0
0
0
0
0
0
0
0
0
0
0
0
0
0
0
0
0
0
0
0
0
0
1
0
0
0
0
0
0
1
0
0
0
0
0
0
1
0
0
0
0
0
0
0
0
0
0
0
0
0
0
0
0
1
0
0
0
0
0
0
0
0
0
0
0
0
0
0
0
0
0
0
0
0
0
0
1
0
0
0
0
0
0
0
0
0
0
0
0
0
0
0
1
0
0
0
0
0
0
0
0
0
0
0
0
0
0
0
0
0
0
0
0
0
0
0
0
0
0
0
0
0
0
0
0
0
0
0
0
0
0
0
0
0
0
0
0
0
0
0
0
0
0
0
0
0
0
0
0
0
0
0
0
0
0
0
0
0
0
0
1
0
0
0
0
0
1
0
0
0
0
0
0
0
0
0
0
0
0
0
0
0
0
0
0
0
0
0
0
0
0
0
0
0
0
0
0
0
1
0
0
0
0
0
0
0
0
0
0
0
0
0
0
0
0
0
0
0
0
0
0
0
0
0
0
0
0
0
0
0
0
0
0
0
0
0
0
0
0
0
0
0
0
0
0
0
0
0
0
0
0
0
0
0
0
0
0
0
0
0
0
0
0
0
1
0
0
0
0
0
0
0
0
0
0
0
0
0
0
0
0
0
0
0
0
0
0
0
0
0
0
0
0
0
0
0
0
0
0
0
0
0
0
0
0
0
0
0
0
0
0
0
0
0
0
0
0
0
0
0
0
0
0
0
0
0
0
0
0
0
0
0
0
0
0
0
0
0
0
0
1
0
0
0
0
0
0
0
0
0
0
0
0
1
0
0
0
0
0
0
0
0
0
0
0
0
0
0
0
0
0
0
0
0
0
1
0
0
0
0
0
0
0
0
0
0
0
0
0
0
0
0
0
0
0
0
0
0
0
0
0
0
0
0
0
0
0
0
0
0
0
0
0
0
0
0
0
0
0
0
0
0
0
0
0
0
0
0
0
0
0
0
0
0
0
0
0
0
0
0
0
0
0
0
1
0
0
0
0
0
0
0
0
0
0
0
0
0
0
0
0
0
0
0
0
1
0
0
0
0
0
0
0
0
0
0
0
0
0
0
0
0
1
0
0
0
0
0
0
0
0
0
0
0
0
0
0
0
1
0
0
0
0
0
0
0
0
0
0
0
1
0
0
0
0
0
0
0
0
0
0
0
0
0
0
0
0
0
0
0
0
0
0
0
0
0
1
0
0
0
0
0
0
0
0
0
0
0
0
0
0
0
0
0
0
0
0
0
0
0
0
0
0
0
0
0
0
0
0
0
0
0
0
0
0
0
0
0
0
0
1
0
0
0
0
0
0
0
0
0
0
0
0
0
0
0
0
0
0
0
0
0
0
0
0
0
0
1
0
0
0
0
0
0
0
0
0
0
0
0
0
0
0
0
0
0
0
0
0
0
0
0
0
0
0
0
0
0
0
0
0
0
0
0
0
0
0
0
0
0
0
0
0
0
0
0
0
0
1
0
0
0
0
0
0
0
0
0
0
0
0
0
0
0
0
0
0
0
0
0
1
0
0
0
0
0
0
0
0
0
0
0
0
0
0
0
0
0
0
0
0
0
0
0
0
0
0
0
0
0
0
0
0
0
0
0
0
0
0
0
0
0
0
0
0
0
0
0
0
0
0
0
0
0
0
0
0
0
0
0
0
0
0
0
0
0
0
0
0
0
0
0
0
0
0
0
0
0
0
0
0
0
0
0
0
0
0
0
0
0
0
0
0
0
0
0
0
0
0
0
0
0
0
0
0
0
0
0
0
0
0
0
0
0
0
0
0
0
0
0
0
0
0
0
0
0
0
0
0
0
0
0
0
0
0
0
0
0
0
0
0
0
0
0
0
0
0
0
0
0
0
0
0
0
0
0
0
0
0
0
0
0
0
0
0
0
0
0
0
0
0
0
0
0
0
0
0
0
0
0
0
0
0
0
0
0
0
0
0
0
0
0
0
0
0
0
0
0
0
0
0
0
0
0
0
0
0
0
0
0
0
0
0
0
0
0
0
0
0
0
0
0
0
0
0
0
0
0
0
0
0
0
0
0
0
0
0
0
0
0
0
0
0
0
0
0
0
0
0
0
0
0
0
0
0
0
0
0
0
0
0
0
0
0
0
0
0
0
0
0
0
0
$ROI:
1
1963 2088
$PRESETS:
None
0
0
$ENER_FIT:
0.821043 0.415458
$MCA_CAL:
3
8.210427E-001 4.154576E-001 5.811550E-008 keV
$SHAPE_CAL:
3
3.551624E+000 9.344270E-004 -9.079200E-009
